tDate,YesterdayQuarantineRelease,YesterdayQuarantine,YesterdayIllPatient,YesterdayDead,TodayQuarantineRelease,TodayQuarantine,TodayIllPatient,TodayDead,VarianceQuarantineRelease,VarianceQuarantine,VarianceIllPatient,VarianceDead
2020-09-15,18489,3433,157,363,18878,3146,158,367,389,-287,1,4
2020-09-16,18878,3146,158,367,19310,2827,160,367,432,-319,2,0
2020-09-17,19310,2827,160,367,19543,2742,160,372,233,-85,0,5
2020-09-18,19543,2742,150,372,19771,2635,150,377,228,-107,-10,5
2020-09-19,19771,2635,150,377,19970,2545,152,378,199,-90,2,1
2020-09-20,19970,2545,152,378,20158,2434,146,383,188,-111,-6,5
2020-09-21,20158,2434,146,383,20248,2412,141,385,90,-22,-5,2
2020-09-22,20248,2412,141,385,20441,2277,144,388,193,-135,3,3
2020-09-23,20441,2277,144,388,20650,2178,139,388,209,-99,-5,0
2020-09-24,20650,2178,139,388,20832,2116,126,393,182,-62,-13,5
2020-09-25,20832,2116,126,393,20977,2082,128,395,145,-34,2,2
2020-09-26,20977,2083,128,395,21166,1951,122,399,189,-132,-6,4
2020-09-27,21166,1951,122,399,21248,1962,124,401,82,11,2,2
2020-09-28,21248,1962,124,401,21292,1963,120,406,44,1,-4,5
2020-09-29,21292,1963,120,406,21470,1822,115,407,178,-141,-5,1
2020-09-30,21470,1822,115,407,21591,1808,109,413,121,-14,-6,6
2020-10-01,21591,1808,109,413,21666,1808,107,415,75,0,-2,2
2020-10-02,21666,1808,107,415,21733,1803,107,416,67,-5,0,1
2020-10-03,21733,1803,107,416,21787,1820,104,420,54,17,-3,4
2020-10-04,21787,1820,104,420,21845,1825,105,421,58,5,1,1
2020-10-05,21845,1825,105,421,21886,1856,107,422,41,31,2,1
2020-10-06,21886,1856,107,422,22083,1734,105,422,197,-122,-2,0
2020-10-07,22083,1734,105,422,22334,1594,102,425,251,-140,-3,3
2020-10-08,22334,1594,102,425,22463,1532,97,427,129,-62,-5,2
2020-10-09,22463,1532,97,427,22569,1479,94,428,106,-53,-3,1
2020-10-10,22569,1479,94,428,22624,1494,89,430,55,15,-5,2
2020-10-11,22624,1494,89,430,22693,1481,89,432,69,-13,0,2
2020-10-12,22693,1481,89,432,22729,1541,87,433,36,60,-2,1
2020-10-13,22728,1542,87,433,22863,1508,91,434,135,-34,4,1
2020-10-14,22863,1508,91,434,23030,1421,85,438,167,-87,-6,4
2020-10-15,23030,1410,85,438,23082,1467,82,439,52,57,-3,1
2020-10-16,23082,1467,82,439,23180,1414,85,441,98,-53,3,2
2020-10-17,23180,1414,85,441,23258,1407,84,443,78,-7,-1,2
2020-10-18,23258,1407,78,443,23312,1443,77,444,54,36,-1,1
2020-10-19,23312,1443,77,444,23368,1463,78,444,56,20,1,0
2020-10-20,23368,1463,78,444,23466,1420,71,447,98,-43,-7,3
2020-10-21,23466,1420,71,447,23584,1390,70,450,118,-30,-1,3
2020-10-22,23584,1388,70,450,23647,1443,62,453,63,55,-8,3
2020-10-23,23647,1443,62,453,23717,1526,62,455,70,83,0,2
2020-10-24,23717,1526,62,455,23834,1484,60,457,117,-42,-2,2
2020-10-25,23834,1484,60,457,23869,1510,53,457,35,26,-7,0
2020-10-26,23869,1510,53,457,23905,1593,53,457,36,83,0,0
2020-10-27,23905,1593,53,457,23981,1602,52,460,76,9,-1,3
2020-10-28,23981,1602,52,460,24073,1612,52,461,92,10,0,1
2020-10-29,24073,1612,52,461,24168,1641,53,462,95,29,1,1
2020-10-30,24168,1641,53,462,24227,1695,51,463,59,54,-2,1
2020-10-31,24227,1694,51,463,24311,1736,54,464,84,42,3,1
2020-11-01,24311,1736,54,464,24357,1812,51,466,46,76,-3,2
2020-11-02,24357,1812,51,466,24395,1869,49,468,38,57,-2,2
2020-11-03,24395,1869,49,468,24510,1825,52,472,115,-44,3,4
2020-11-04,24510,1825,52,472,24616,1835,53,474,106,10,1,2
2020-11-05,24616,1835,53,474,24735,1840,51,475,119,5,-2,1
2020-11-06,24735,1840,51,475,24821,1898,50,476,86,58,-1,1
2020-11-07,24821,1898,50,476,24910,1897,53,477,89,-1,3,1
2020-11-08,24910,1897,53,477,24968,1981,58,478,58,84,5,1
2020-11-09,24968,1981,58,478,25029,2044,57,480,61,63,-1,2
2020-11-10,25029,2044,57,480,25160,2008,54,485,131,-36,-3,5
2020-11-11,25160,2008,54,485,25266,2046,49,487,106,38,-5,2
2020-11-12,25266,2046,49,487,25404,2051,53,487,138,5,4,0
2020-11-13,25404,2051,53,487,25537,2108,50,488,133,57,-3,1
2020-11-14,25537,2108,50,488,25636,2210,54,492,99,102,4,4
2020-11-15,25636,2210,54,492,25691,2362,56,493,55,152,2,1
2020-11-16,25691,2362,56,493,25759,2516,55,494,68,154,-1,1
2020-11-17,25759,2515,55,494,25860,2644,60,494,101,129,5,0
2020-11-18,25860,2644,60,494,25973,2842,67,496,113,198,7,2
2020-11-19,25973,2842,67,496,26098,3058,79,498,125,216,12,2
2020-11-20,26098,3058,79,498,26263,3253,84,501,165,195,5,3
2020-11-21,26263,3253,84,501,26365,3535,86,503,102,282,2,2
2020-11-22,26365,3535,86,503,26466,3762,87,505,101,227,1,2
2020-11-23,26466,3762,87,505,26539,3956,79,509,73,194,-8,4
2020-11-24,26539,3956,79,509,26722,4121,79,510,183,165,0,1
2020-11-25,26722,4121,79,510,26825,4397,81,513,103,276,2,3
2020-11-26,26825,4397,81,513,26950,4853,78,515,125,456,-3,2
2020-11-27,26950,4853,78,515,27103,5268,77,516,153,415,-1,1
2020-11-28,27103,5252,77,516,27349,5504,78,522,246,252,1,6
2020-11-29,27349,5503,78,522,27542,5759,76,523,193,256,-2,1
2020-11-30,27542,5698,76,523,27625,6050,76,526,83,352,0,3
2020-12-01,27625,6050,76,526,27885,6241,97,526,260,191,21,0
2020-12-02,27885,6241,97,526,28065,6572,101,526,180,331,4,0
2020-12-03,28065,6572,101,526,28352,6822,117,529,287,250,16,3
2020-12-04,28352,6822,117,529,28611,7185,116,536,259,363,-1,7
2020-12-05,28611,7185,116,536,28917,7458,121,540,306,273,5,4
2020-12-06,28917,7458,121,540,29128,7873,125,545,211,415,4,5
2020-12-07,29128,7873,125,545,29301,8311,126,549,173,438,1,4
2020-12-08,29301,8311,126,549,29650,8553,134,552,349,242,8,3
2020-12-09,29650,8544,134,552,30177,8699,149,556,527,155,15,4
2020-12-10,30177,8683,149,556,30637,8897,172,564,460,214,23,8
2020-12-11,30637,8896,172,564,31157,9057,169,572,520,161,-3,8
2020-12-12,31157,9057,169,572,31493,9665,179,578,336,608,10,6
2020-12-13,31493,9665,179,578,31814,10372,179,580,321,707,0,2
2020-12-14,31814,10372,179,580,32102,10795,185,587,288,423,6,7
2020-12-15,32102,10795,185,587,32559,11205,205,600,457,410,20,13
2020-12-16,32559,11205,205,600,32947,11883,226,612,388,678,21,12
2020-12-17,32947,11880,226,612,33610,12209,242,634,663,329,16,22
2020-12-18,33610,12209,242,634,33982,12888,246,645,372,679,4,11
2020-12-19,33982,12890,246,645,34334,13577,275,659,352,687,29,14
2020-12-20,34334,13575,275,659,34722,14269,278,674,388,694,3,15
2020-12-21,34722,14269,278,674,35155,14738,274,698,433,469,-4,24
2020-12-22,35155,14738,274,698,35928,14810,281,722,773,72,7,24
2020-12-23,35928,14808,281,722,36726,15085,284,739,798,277,3,17
2020-12-24,36726,15083,284,739,37425,15352,291,756,699,269,7,17
2020-12-25,37425,15348,291,756,38048,15949,311,773,623,601,20,17
2020-12-26,38048,15949,311,773,38532,16577,299,793,484,628,-12,20
2020-12-27,38532,16577,299,793,39040,17024,293,808,508,447,-6,15
2020-12-28,39040,17024,293,808,39268,17593,295,819,228,569,2,11
2020-12-29,39268,17592,295,819,40703,17163,330,859,1435,-429,35,40
2020-12-30,40703,17161,330,859,41435,17459,332,879,732,298,2,20
2020-12-31,41435,17459,332,879,42271,17569,344,900,836,110,12,21
2021-01-01,42271,17569,344,900,42953,17899,354,917,682,330,10,17
2021-01-02,42953,17899,354,917,43578,18073,361,942,625,174,7,25
2021-01-03,43578,18067,361,942,44507,17775,355,962,929,-292,-6,20
2021-01-04,44507,17775,355,962,45240,18043,351,981,733,268,-4,19
2021-01-05,45240,18043,351,981,46172,17800,386,1007,932,-243,35,26
2021-01-06,46172,17799,386,1007,46995,17796,411,1027,823,-3,25,20
2021-01-07,46995,17794,411,1027,47649,17991,400,1046,654,197,-11,19
2021-01-08,47649,17989,400,1046,48369,17908,404,1081,720,-81,4,35
2021-01-09,48369,17908,404,1081,49324,17575,409,1100,955,-333,5,19
2021-01-10,49324,17575,409,1100,50409,17130,401,1125,1085,-445,-8,25
2021-01-11,50409,17129,401,1125,52552,15422,395,1140,2143,-1707,-6,15
2021-01-12,52552,15422,395,1140,53569,14917,390,1165,1017,-505,-5,25
2021-01-13,53569,14916,390,1165,54636,14391,374,1185,1067,-525,-16,20
2021-01-14,54636,14383,374,1185,55772,13761,380,1195,1136,-622,6,10
2021-01-15,55772,13761,380,1195,56536,13488,374,1217,764,-273,-6,22
2021-01-16,56536,13487,374,1217,57554,13030,360,1236,1018,-457,-14,19
2021-01-17,57554,13030,360,1236,58253,12838,352,1249,699,-192,-8,13
2021-01-18,58253,12838,352,1249,58723,12742,343,1264,470,-96,-9,15
2021-01-19,58723,12742,343,1264,59468,12364,335,1283,745,-378,-8,19
2021-01-20,59468,12363,335,1283,60180,12038,323,1300,712,-325,-12,17
2021-01-21,60180,12037,323,1300,60846,11756,317,1316,666,-281,-6,16
2021-01-22,60846,11754,317,1316,61415,11519,299,1328,569,-235,-18,12
2021-01-23,61415,11518,299,1328,62044,11311,297,1337,629,-207,-2,9
2021-01-24,62044,11311,297,1337,62530,11205,282,1349,486,-106,-15,12
2021-01-25,62530,11205,282,1349,62956,11205,275,1360,426,0,-7,11
2021-01-26,62956,11205,275,1360,64793,9711,270,1371,1837,-1494,-5,11
2021-01-27,64793,9706,270,1371,65478,9573,270,1378,685,-133,0,7
2021-01-28,65478,9573,270,1378,66016,9524,251,1386,538,-49,-19,8
2021-01-29,66016,9524,251,1386,66503,9493,239,1399,487,-31,-12,13
2021-01-30,66503,9400,239,1399,67121,9315,231,1414,618,-85,-8,15
2021-01-31,67121,9315,231,1414,67878,8907,229,1420,757,-408,-2,6
2021-02-01,67857,8926,229,1420,68309,8774,225,1425,452,-152,-4,5
2021-02-02,68309,8774,225,1425,68775,8634,224,1435,466,-140,-1,10
2021-02-03,68775,8634,224,1435,69299,8571,220,1441,524,-63,-4,6
2021-02-04,69299,8571,220,1441,69704,8610,211,1448,405,39,-9,7
2021-02-05,69704,8609,211,1448,70117,8555,200,1459,413,-54,-11,11
2021-02-06,70117,8555,200,1459,70505,8555,197,1464,388,0,-3,5
2021-02-07,70505,8555,197,1464,70865,8560,190,1471,360,5,-7,7
2021-02-08,70865,8560,190,1471,71218,8493,188,1474,353,-67,-2,3
2021-02-09,71218,8492,188,1474,71676,8329,189,1482,458,-163,1,8
2021-02-10,71676,8328,189,1482,72226,8218,184,1486,550,-110,-5,4
2021-02-11,72226,8218,184,1486,72638,8300,170,1496,412,82,-14,10
2021-02-12,72638,8300,170,1496,72936,8394,161,1507,298,94,-9,11
2021-02-13,72936,8394,161,1507,73227,8458,157,1514,291,64,-4,7
2021-02-14,73227,8458,157,1514,73559,8444,156,1522,332,-14,-1,8
2021-02-15,73559,8444,156,1522,73794,8548,156,1527,235,104,0,5
2021-02-16,73794,8547,156,1527,74551,8240,166,1534,757,-307,10,7
2021-02-17,74551,8240,166,1534,75360,8048,169,1538,809,-192,3,4
2021-02-18,75360,8048,169,1538,75896,8127,161,1544,536,79,-8,6
2021-02-19,75896,8127,161,1544,76513,8065,153,1550,617,-62,-8,6
2021-02-20,76513,8065,153,1550,77083,7938,156,1553,570,-127,3,3
2021-02-21,77083,7940,156,1553,77516,7919,155,1557,433,-21,-1,4
2021-02-22,77516,7919,155,1557,77887,7875,146,1562,371,-44,-9,5
2021-02-23,77887,7875,146,1562,78394,7714,148,1573,507,-161,2,11
2021-02-24,78394,7713,148,1573,79050,7494,140,1576,656,-219,-8,3
2021-02-25,79050,7494,140,1576,79487,7448,144,1581,437,-46,4,5
2021-02-26,79487,7448,144,1581,79880,7457,144,1585,393,9,0,4
2021-02-27,79880,7441,144,1585,80333,7393,142,1595,453,-48,-2,10
2021-02-28,80333,7392,142,1595,80697,7376,135,1603,364,-16,-7,8
2021-03-01,80697,7374,135,1603,81070,7354,131,1605,373,-20,-4,2
2021-03-02,81070,7353,131,1605,81338,7428,135,1606,268,75,4,1
2021-03-03,81338,7428,135,1606,81700,7504,129,1612,362,76,-6,6
2021-03-04,81700,7504,129,1612,82162,7459,140,1619,462,-45,11,7
2021-03-05,82162,7459,140,1619,82560,7451,135,1627,398,-8,-5,8
2021-03-06,82560,7450,135,1627,82913,7510,136,1632,353,60,1,5
2021-03-07,82913,7510,136,1632,83220,7617,134,1634,307,107,-2,2
2021-03-08,83220,7617,134,1634,83474,7701,128,1642,254,84,-6,8
2021-03-09,83474,7701,128,1642,83900,7718,128,1645,426,17,0,3
2021-03-10,83900,7718,128,1645,84312,7773,123,1648,412,55,-5,3
2021-03-11,84312,7773,123,1648,84675,7871,127,1652,363,98,4,4
2021-03-12,84675,7871,127,1652,85743,7281,126,1662,1068,-590,-1,10
2021-03-13,85743,7281,126,1662,86625,6884,112,1667,882,-397,-14,5
2021-03-14,86625,6884,112,1667,87408,6558,105,1669,783,-326,-7,2
2021-03-15,87408,6558,105,1669,87754,6588,99,1675,346,30,-6,6
2021-03-16,87754,6588,99,1675,88255,6447,103,1678,501,-141,4,3
2021-03-17,88255,6447,103,1678,88814,6349,100,1686,559,-98,-3,8
2021-03-18,88814,6349,100,1686,89178,6428,100,1688,364,79,0,2
2021-03-19,89178,6428,100,1688,89523,6544,101,1690,345,116,1,2
2021-03-20,89523,6544,101,1690,89949,6567,102,1693,426,23,1,3
2021-03-21,89949,6567,102,1693,90328,6641,104,1696,379,74,2,3
2021-03-22,90328,6636,104,1696,90611,6767,103,1697,283,131,-1,1
2021-03-23,90611,6767,103,1697,91079,6638,101,1704,468,-129,-2,7
2021-03-24,91079,6635,101,1704,91560,6579,111,1707,481,-56,10,3
2021-03-25,91560,6579,111,1707,92068,6499,111,1709,508,-80,0,2
2021-03-26,92068,6499,111,1709,92630,6424,111,1716,562,-75,0,7
2021-03-27,92630,6424,111,1716,93475,6079,103,1721,845,-345,-8,5
2021-03-28,93475,6079,103,1721,93855,6180,104,1722,380,101,1,1
2021-03-29,93855,6180,104,1722,94124,6291,100,1726,269,111,-4,4
2021-03-30,94124,6285,100,1726,94563,6290,102,1729,439,5,2,3
2021-03-31,94563,6290,102,1729,95030,6327,108,1731,467,37,6,2
2021-04-01,95030,6327,108,1731,95439,6465,107,1735,409,138,-1,4
2021-04-02,95439,6462,107,1735,95861,6596,101,1737,422,134,-6,2
2021-04-03,95861,6595,101,1737,96196,6800,101,1740,335,205,0,3
2021-04-04,96196,6800,101,1740,96589,6946,99,1744,393,146,-2,4
2021-04-05,96589,6946,99,1744,96900,7104,97,1748,311,158,-2,4
2021-04-06,96900,7104,97,1748,97363,7115,112,1752,463,11,15,4
2021-04-07,97363,7115,112,1752,97928,7214,109,1756,565,99,-3,4
2021-04-08,97928,7214,109,1756,98360,7480,112,1758,432,266,3,2
2021-04-09,98360,7480,112,1758,98786,7719,113,1764,426,239,1,6
2021-04-10,98786,7718,113,1764,99301,7879,108,1765,515,161,-5,1
2021-04-11,99301,7879,108,1765,100109,7682,105,1768,808,-197,-3,3
2021-04-12,100109,7682,105,1768,100804,7572,103,1770,695,-110,-2,2
2021-04-13,100804,7572,103,1770,101332,7581,101,1775,528,9,-2,5
2021-04-14,101332,7581,101,1775,101983,7654,100,1782,651,73,-1,7
2021-04-15,101983,7654,100,1782,102513,7816,99,1788,530,162,-1,6
2021-04-16,102513,7815,99,1788,103062,7937,111,1790,549,122,12,2
2021-04-17,103062,7934,111,1790,103594,8056,108,1794,532,122,-3,4
2021-04-18,103594,8055,108,1794,104006,8312,102,1797,412,257,-6,3
2021-04-19,104006,8311,102,1797,104474,8371,99,1801,468,60,-3,4
2021-04-20,104474,8371,99,1801,105227,8166,109,1802,753,-205,10,1
2021-04-21,105227,8166,109,1802,105877,8243,116,1806,650,77,7,4
2021-04-22,105877,8243,116,1806,106459,8394,125,1808,582,151,9,2
2021-04-23,106459,8394,125,1808,107071,8576,127,1811,612,182,2,3
2021-04-24,107071,8576,127,1811,107781,8650,136,1812,710,74,9,1
2021-04-25,107781,8650,136,1812,108475,8599,136,1813,694,-51,0,1
2021-04-26,108475,8599,136,1813,108850,8720,132,1817,375,121,-4,4
2021-04-27,108850,8719,132,1817,109695,8383,156,1820,845,-336,24,3
2021-04-28,109695,8383,156,1820,110248,8604,160,1821,553,221,4,1
2021-04-29,110248,8602,160,1821,110787,8739,157,1825,539,137,-3,4
2021-04-30,110787,8734,157,1825,111422,8757,164,1828,635,23,7,3
2021-05-01,111422,8757,164,1828,112337,8466,174,1831,915,-291,10,3
2021-05-02,112337,8466,174,1831,112865,8542,170,1833,528,76,-4,2
2021-05-03,112865,8542,170,1833,113356,8538,164,1834,491,-4,-6,1
2021-05-04,113356,8538,164,1834,114128,8301,162,1840,772,-237,-2,6
2021-05-05,114128,8301,162,1840,114944,8154,173,1847,816,-147,11,7
2021-05-06,114944,8154,173,1847,115491,8177,172,1851,547,23,-1,4
2021-05-07,115491,8177,172,1851,116022,8162,162,1860,531,-15,-10,9
2021-05-08,116022,8162,162,1860,116881,7999,165,1865,859,-163,3,5
2021-05-09,116881,7999,165,1865,117423,8012,160,1874,542,13,-5,9
2021-05-10,117423,8012,160,1874,117844,8053,161,1875,421,41,1,1
2021-05-11,117844,8053,161,1875,118717,7687,171,1879,873,-366,10,4
2021-05-12,118717,7687,171,1879,119373,7661,167,1884,656,-26,-4,5
2021-05-13,119373,7661,167,1884,119906,7836,160,1891,533,175,-7,7
2021-05-14,119906,7836,160,1891,120395,8092,153,1893,489,256,-7,2
2021-05-15,120395,8092,153,1893,121282,7883,150,1896,887,-209,-3,3
2021-05-16,121282,7883,150,1896,121764,8007,150,1900,482,124,0,4
2021-05-17,121764,8007,150,1900,122163,8224,151,1903,399,217,1,3
2021-05-18,122163,8224,151,1903,122631,8283,156,1904,468,59,5,1
2021-05-19,122631,8282,156,1904,123237,8322,148,1912,606,40,-8,8
2021-05-20,123237,8322,148,1912,123659,8542,151,1916,422,220,3,4
2021-05-21,123659,8542,151,1916,124158,8598,147,1922,499,56,-4,6
2021-05-22,124158,8598,147,1922,125032,8386,150,1926,874,-212,3,4
2021-05-23,125032,8386,150,1926,125881,8117,149,1931,849,-269,-1,5
2021-05-24,125881,8117,149,1931,126427,8106,144,1934,546,-11,-5,3
2021-05-25,126427,8106,144,1934,126993,8052,160,1938,566,-54,16,4
2021-05-26,126993,8044,160,1938,127582,8160,151,1940,589,116,-9,2
2021-05-27,127574,8160,151,1940,128180,8188,154,1943,606,28,3,3
2021-05-28,128180,8188,154,1943,128761,8191,156,1946,581,3,2,3
2021-05-29,128759,8193,156,1946,129739,7741,160,1951,980,-452,4,5
2021-05-30,129739,7740,160,1951,130381,7572,150,1957,642,-168,-10,6
2021-05-31,130381,7572,150,1957,130823,7558,149,1959,442,-14,-1,2
2021-06-01,130823,7558,149,1959,131463,7373,158,1963,640,-185,9,4
2021-06-02,131463,7373,158,1963,132068,7443,151,1965,605,70,-7,2
2021-06-03,132068,7443,151,1965,132699,7490,149,1968,631,47,-2,3
2021-06-04,132699,7490,149,1968,133289,7594,151,1969,590,104,2,1
2021-06-05,133289,7594,151,1969,133763,7862,151,1971,474,268,0,2
2021-06-06,133763,7862,151,1971,134262,7917,150,1973,499,55,-1,2
2021-06-07,134262,7917,150,1973,134861,7802,152,1974,599,-115,2,1
2021-06-08,134861,7802,152,1974,135412,7704,149,1975,551,-98,-3,1
2021-06-09,135412,7703,149,1975,136174,7541,146,1977,762,-162,-3,2
2021-06-10,136174,7541,146,1977,136713,7611,154,1979,539,70,8,2
2021-06-11,136713,7611,154,1979,137224,7654,153,1981,511,43,-1,2
2021-06-12,137224,7652,153,1981,138037,7403,155,1982,813,-249,2,1
2021-06-13,138037,7403,155,1982,138581,7308,146,1985,544,-95,-9,3
2021-06-14,138581,7308,146,1985,139022,7263,153,1988,441,-45,7,3
2021-06-15,139022,7263,153,1988,139733,6922,158,1992,711,-341,5,4
2021-06-16,139733,6921,158,1992,140438,6760,159,1993,705,-161,1,1
2021-06-17,140438,6760,159,1993,141029,6708,156,1994,591,-52,-3,1
2021-06-18,141029,6708,156,1994,141816,6426,149,1996,787,-282,-7,2
2021-06-19,141816,6426,149,1996,142385,6338,151,1997,569,-88,2,1
2021-06-20,142385,6338,151,1997,142899,6248,146,2002,514,-90,-5,5
2021-06-21,142899,6248,146,2002,143268,6234,137,2004,369,-14,-9,2
2021-06-22,143268,6234,137,2004,143817,6078,135,2006,549,-156,-2,2
2021-06-23,143817,6077,135,2006,144379,6159,146,2007,562,82,11,1
2021-06-24,144379,6159,146,2007,144788,6359,141,2008,409,200,-5,1
2021-06-25,144788,6359,141,2008,145389,6391,143,2009,601,32,2,1
2021-06-26,145389,6391,143,2009,145989,6456,149,2012,600,65,6,3
2021-06-27,145989,6456,149,2012,146340,6718,147,2013,351,262,-2,1
2021-06-28,146340,6718,147,2013,146675,6882,141,2015,335,164,-6,2
2021-06-29,146675,6882,141,2015,147077,7073,152,2017,402,191,11,2
2021-06-30,147077,7073,152,2017,147693,7250,149,2018,616,177,-3,1
2021-07-01,147693,7250,149,2018,148024,7678,144,2021,331,428,-5,3
2021-07-02,148024,7678,144,2021,148319,8206,145,2024,295,528,1,3
2021-07-03,148319,8205,145,2024,149132,8185,144,2025,813,-20,-1,1
2021-07-04,149132,8184,144,2025,149614,8444,143,2026,482,260,-1,1
2021-07-05,149614,8444,143,2026,150044,8723,139,2028,430,279,-4,2
2021-07-06,150044,8723,139,2028,150760,8749,144,2032,716,26,5,4
2021-07-07,150760,8749,144,2032,151500,9220,155,2033,740,471,11,1
2021-07-08,151500,9220,155,2033,151923,10071,153,2034,423,851,-2,1
2021-07-09,151923,10071,153,2034,152498,10810,148,2036,575,739,-5,2
2021-07-10,152498,10810,148,2036,153153,11531,148,2038,655,721,0,2
2021-07-11,153153,11531,148,2038,153760,12243,145,2043,607,712,-3,5
2021-07-12,153760,12243,145,2043,154187,12915,138,2044,427,672,-7,1
2021-07-13,154187,12915,138,2044,154752,13498,146,2046,565,583,8,2
2021-07-14,154752,13498,146,2046,155491,14372,163,2048,739,874,17,2
2021-07-15,155491,14372,163,2048,156509,14952,167,2050,1018,580,4,2
2021-07-16,156509,14951,167,2050,157113,15882,171,2051,604,931,4,1
2021-07-17,157113,15881,171,2051,157960,16485,185,2055,847,604,14,4
2021-07-18,157960,16482,185,2055,158953,16941,187,2057,993,459,2,2
2021-07-19,158953,16941,187,2057,159630,17515,185,2058,677,574,-2,1
2021-07-20,159630,17515,185,2058,160347,18075,207,2059,717,560,22,1
2021-07-21,160347,18075,207,2059,161634,18571,214,2060,1287,496,7,1
2021-07-22,161634,18567,214,2060,163073,18967,218,2063,1439,400,4,3
2021-07-23,163073,18967,218,2063,164206,19461,227,2066,1133,494,9,3
2021-07-24,164206,19461,227,2066,165246,20048,254,2068,1040,587,27,2
2021-07-25,165246,20047,254,2068,166375,20400,257,2073,1129,353,3,5
2021-07-26,166375,20400,257,2073,167365,20724,244,2077,990,324,-13,4
2021-07-27,167365,20724,244,2077,168629,20823,269,2079,1264,99,25,2
2021-07-28,168629,20823,269,2079,170494,20850,286,2083,1865,27,17,4
2021-07-29,170494,20848,286,2083,171559,21455,285,2085,1065,607,-1,2
2021-07-30,171559,21452,285,2085,172757,21960,299,2089,1198,508,14,4
2021-07-31,172757,21960,299,2089,174177,22073,317,2095,1420,113,18,6
2021-08-01,174177,22073,317,2095,175674,22015,324,2098,1497,-58,7,3
2021-08-02,175674,22011,324,2098,176605,22298,326,2099,931,287,2,1
2021-08-03,176605,22297,326,2099,177909,22190,331,2104,1304,-107,5,5
2021-08-04,177909,22188,331,2104,179123,22697,329,2106,1214,509,-2,2
2021-08-05,179123,22697,329,2106,180719,22874,369,2109,1596,177,40,3
2021-08-06,180719,22874,369,2109,182052,23241,376,2113,1333,367,7,4
2021-08-07,182052,23240,376,2113,183789,23323,377,2116,1737,83,1,3
2021-08-08,183789,23322,377,2116,185003,23832,376,2121,1214,510,-1,5
2021-08-09,185003,23832,376,2121,186242,24081,367,2125,1239,249,-9,4
2021-08-10,186242,24080,367,2125,187523,24330,379,2134,1281,250,12,9
2021-08-11,187523,24326,379,2134,189506,24565,387,2135,1983,239,8,1
2021-08-12,189506,24564,387,2135,190535,25519,372,2138,1029,955,-15,3
2021-08-13,190535,25519,372,2138,192248,25790,369,2144,1713,271,-3,6
2021-08-14,192248,25789,369,2144,193778,26185,386,2148,1530,396,17,4
2021-08-15,193778,26185,386,2148,195103,26669,374,2156,1325,484,-12,8
2021-08-16,195103,26666,374,2156,196198,27116,353,2167,1095,450,-21,11
2021-08-17,196198,27116,353,2167,197224,27457,354,2173,1026,341,1,6
2021-08-18,197224,27455,354,2173,199582,26897,366,2178,2358,-558,12,5
2021-08-19,199582,26896,366,2178,201235,27382,390,2191,1653,486,24,13
2021-08-20,201235,27381,390,2191,202775,27887,385,2197,1540,506,-5,6
2021-08-21,202775,27887,385,2197,204518,28019,403,2202,1743,132,18,5
2021-08-22,204518,28018,403,2202,206276,27875,395,2215,1758,-143,-8,13
2021-08-23,206276,27873,395,2215,207601,27959,399,2222,1325,86,4,7
2021-08-24,207601,27955,399,2222,209193,27866,420,2228,1592,-89,21,6
2021-08-25,209193,27863,420,2228,211177,28025,434,2237,1984,162,14,9
2021-08-26,211177,28021,434,2237,212871,28189,425,2257,1694,168,-9,20
2021-08-27,212871,28189,425,2257,214673,28220,427,2265,1802,31,2,8
2021-08-28,214673,28220,427,2265,216989,27686,409,2276,2316,-534,-18,11
2021-08-29,216989,27684,409,2276,218726,27563,404,2279,1737,-121,-5,3
2021-08-30,218726,27559,404,2279,220358,27409,396,2284,1632,-150,-8,5
2021-08-31,220358,27407,396,2284,221701,27435,409,2285,1343,28,13,1
2021-09-01,221701,27434,409,2285,224319,26834,399,2292,2618,-600,-10,7
2021-09-02,224319,26829,399,2292,226222,26876,371,2303,1903,47,-28,11
2021-09-03,226222,26876,371,2303,228618,26184,367,2308,2396,-692,-4,5
2021-09-04,228618,26183,367,2308,230405,26193,376,2315,1787,10,9,7
2021-09-05,230405,26193,376,2315,232334,25748,363,2321,1929,-445,-13,6
2021-09-06,232334,25748,363,2321,233695,25756,358,2327,1361,8,-5,6
2021-09-07,233695,25755,358,2327,235225,25819,364,2330,1530,64,6,3
2021-09-08,235225,25818,364,2330,237286,25803,387,2334,2061,-15,23,4
2021-09-09,237286,25801,387,2334,238920,26207,366,2343,1634,406,-21,9
2021-09-10,238920,26207,366,2343,240733,26281,353,2348,1813,74,-13,5
2021-09-11,240733,26281,353,2348,242960,25909,352,2358,2227,-372,-1,10
2021-09-12,242960,25909,352,2358,244459,26164,351,2359,1499,255,-1,1
2021-09-13,244459,26164,351,2359,245505,26550,342,2360,1046,386,-9,1
2021-09-14,245505,26548,342,2360,247647,25896,340,2367,2142,-652,-2,7
2021-09-15,247647,25895,340,2367,249833,25776,350,2380,2186,-119,10,13
2021-09-16,249833,25774,350,2380,252038,25506,348,2386,2205,-268,-2,6
2021-09-17,252038,25506,348,2386,254094,25455,332,2389,2056,-51,-16,3
2021-09-18,254094,25452,332,2389,256029,25599,329,2394,1935,147,-3,5
2021-09-19,256029,25598,329,2394,257449,26078,333,2404,1420,480,4,10
2021-09-20,257449,26078,333,2404,259011,26116,332,2409,1562,38,-1,5
2021-09-21,259011,26114,332,2409,260090,26760,328,2413,1079,646,-4,4
2021-09-22,260090,26760,328,2413,261812,26752,317,2419,1722,-8,-11,6
2021-09-23,261812,26752,317,2419,262842,27430,312,2427,1030,678,-5,8
2021-09-24,262842,27429,312,2427,264492,28206,309,2434,1650,777,-3,7
2021-09-25,264492,28203,309,2434,266414,29547,339,2441,1922,1344,30,7
2021-09-26,266414,29546,339,2441,268140,30582,320,2450,1726,1036,-19,9
2021-09-27,268140,30580,320,2450,269132,31965,319,2456,992,1385,-1,6
2021-09-28,269132,31965,319,2456,270928,32450,324,2464,1796,485,5,8
2021-09-29,270928,32448,324,2464,272724,33527,331,2474,1796,1079,7,10
2021-09-30,272724,33527,331,2474,274205,34603,336,2481,1481,1076,5,7
2021-10-01,274205,34601,336,2481,275576,35700,323,2497,1371,1099,-13,16
2021-10-02,275576,35699,323,2497,277092,36424,336,2504,1516,725,13,7
2021-10-03,277092,36423,336,2504,278847,36751,346,2507,1755,328,10,3
2021-10-04,278847,36750,346,2507,282669,34595,348,2513,3822,-2155,2,6
2021-10-05,282669,34595,348,2513,284197,34631,346,2524,1528,36,-2,11
2021-10-06,284197,34630,346,2524,287040,33803,354,2536,2843,-827,8,12
