 tDate, BetweenAge18_23, BetweenAge24_29 
2021-01-01,0,0
