 tDate,Country,Number,HolidayName
2021-01-13,Cabo Verde,1,Freedom and Democracy Day
2021-01-13,India,1,Lohri
2021-01-13,Myanmar,1,Kayin New Year Day
