 tDate,Country,Number,HolidayName
2022-02-17,Kosovo,1,Independence Day of the Republic of Kosovo
2022-02-17,Libya,1,Libyan Revolution Day
