Date,Country,Number,HolidayName
2024-03-01,South Korea,1,Independence Movement Day
